{
 "cells": [
  {
   "cell_type": "code",
   "execution_count": 1,
   "id": "a6f79ce1",
   "metadata": {},
   "outputs": [],
   "source": [
    "import torch\n",
    "import torch.nn as nn\n",
    "import torch.nn.functional as F\n",
    "import itertools"
   ]
  },
  {
   "cell_type": "code",
   "execution_count": 2,
   "id": "7a20a4c8",
   "metadata": {},
   "outputs": [],
   "source": [
    "from src.utils.normalizer import Normalizer"
   ]
  },
  {
   "cell_type": "code",
   "execution_count": 3,
   "id": "062063cf",
   "metadata": {},
   "outputs": [],
   "source": [
    "device = \"cuda:7\"\n",
    "\n",
    "weight_path = \"./models/meta-llama/Llama-2-7b-hf/original_weights/layer_0/self_attn.q_proj.pt\"\n",
    "hessian_diag = weight_path.replace(\"original_weights\", \"hessianDiags/seed_0/pajama/128\")\n",
    "\n",
    "\n",
    "weight = torch.load(weight_path, map_location=device)[\"weight\"].to(torch.float32).detach()\n",
    "hessian_diag = torch.load(hessian_diag, map_location=device)[\"hessianDiag\"].to(torch.float32    )"
   ]
  },
  {
   "cell_type": "code",
   "execution_count": 4,
   "id": "97bbc711",
   "metadata": {},
   "outputs": [],
   "source": [
    "normalizer, normalized_weight = Normalizer.normalize_init(weight, norm_order=[0,1], zero = [False, False])\n",
    "\n",
    "N = 2\n",
    "M = 4"
   ]
  },
  {
   "cell_type": "code",
   "execution_count": 5,
   "id": "c6e5c956",
   "metadata": {},
   "outputs": [],
   "source": [
    "def weighted_l2(weight, original_weight, hessian_diag):\n",
    "    \"\"\"\n",
    "    Computes the regularization loss to penalize the weight to get N:M sparsity\n",
    "    Args:\n",
    "        weight (torch.Tensor): The weight tensor to be regularized.\n",
    "        hessian_diag (torch.Tensor): The diagonal of the Hessian matrix.\n",
    "        N (int): The numerator of the N:M sparsity ratio.\n",
    "        M (int): The denominator of the N:M sparsity ratio.\n",
    "        lambda_ (float): The regularization strength.\n",
    "    Returns:\n",
    "        torch.Tensor: The computed regularization loss.\n",
    "    \"\"\"\n",
    "    \n",
    "    return torch.sum((weight - original_weight) ** 2 * hessian_diag.unsqueeze(0))"
   ]
  },
  {
   "cell_type": "code",
   "execution_count": 7,
   "id": "5e45fdb3",
   "metadata": {},
   "outputs": [
    {
     "name": "stdout",
     "output_type": "stream",
     "text": [
      "original loss: 0.09902780503034592\n"
     ]
    }
   ],
   "source": [
    "importances = torch.abs(normalized_weight * hessian_diag.unsqueeze(0)).view(-1, M)\n",
    "\n",
    "# get the smallest M-N elements along the last dimension\n",
    "smallest_idxs = torch.sort(importances, dim=-1).indices[..., :M-N]\n",
    "largest_idxs = torch.sort(importances, dim=-1).indices[..., -N:]\n",
    "\n",
    "pruned_weight = torch.zeros_like(normalized_weight).view_as(importances)\n",
    "retained_values = normalized_weight.view_as(importances)[torch.arange(pruned_weight.size(0)).unsqueeze(1), largest_idxs]\n",
    "pruned_weight[torch.arange(pruned_weight.size(0)).unsqueeze(1), largest_idxs] = normalized_weight.view_as(importances)[torch.arange(pruned_weight.size(0)).unsqueeze(1), largest_idxs]\n",
    "pruned_weight = pruned_weight.view_as(normalized_weight)\n",
    "# mask = torch.ones_like(importances, dtype=torch.bool)\n",
    "# mask.scatter_(1, smallest_idxs, False)\n",
    "# pruned_weight = (normalized_weight.view_as(importances) * mask.float()).view_as(normalized_weight)\n",
    "\n",
    "print(f\"original loss: {weighted_l2(pruned_weight, normalized_weight, hessian_diag)}\")\n"
   ]
  },
  {
   "cell_type": "code",
   "execution_count": 17,
   "id": "b6a66341",
   "metadata": {},
   "outputs": [],
   "source": [
    "def permute_pruned_weight(values:torch.Tensor, N:int, M:int):\n",
    "    \"\"\"\n",
    "    Permute the pruned N:M weight tensor to get all the (M choose N) combinations,\n",
    "    returns a list of len(M choose N) of pruned weights\n",
    "    \"\"\"\n",
    "    idxs_combinations = list(itertools.combinations(range(M), 2))\n",
    "    \n",
    "    permuted_weights = []\n",
    "    for idxs in idxs_combinations:\n",
    "        permuted_weight = torch.zeros(values.shape[0], M, device=values.device)\n",
    "        # print(permuted_weight)\n",
    "        permuted_weight[:, idxs] = values\n",
    "        permuted_weights.append(permuted_weight)\n",
    "    return permuted_weights\n",
    "    \n",
    "    "
   ]
  },
  {
   "cell_type": "code",
   "execution_count": 18,
   "id": "d05b6bcb",
   "metadata": {},
   "outputs": [
    {
     "data": {
      "text/plain": [
       "[tensor([[-0.0305, -0.0094,  0.0000,  0.0000],\n",
       "         [ 0.0218, -0.0197,  0.0000,  0.0000],\n",
       "         [ 0.0107,  0.0178,  0.0000,  0.0000],\n",
       "         ...,\n",
       "         [ 0.0058, -0.0042,  0.0000,  0.0000],\n",
       "         [ 0.0111, -0.0234,  0.0000,  0.0000],\n",
       "         [ 0.0244,  0.0217,  0.0000,  0.0000]], device='cuda:7'),\n",
       " tensor([[-0.0305,  0.0000, -0.0094,  0.0000],\n",
       "         [ 0.0218,  0.0000, -0.0197,  0.0000],\n",
       "         [ 0.0107,  0.0000,  0.0178,  0.0000],\n",
       "         ...,\n",
       "         [ 0.0058,  0.0000, -0.0042,  0.0000],\n",
       "         [ 0.0111,  0.0000, -0.0234,  0.0000],\n",
       "         [ 0.0244,  0.0000,  0.0217,  0.0000]], device='cuda:7'),\n",
       " tensor([[-0.0305,  0.0000,  0.0000, -0.0094],\n",
       "         [ 0.0218,  0.0000,  0.0000, -0.0197],\n",
       "         [ 0.0107,  0.0000,  0.0000,  0.0178],\n",
       "         ...,\n",
       "         [ 0.0058,  0.0000,  0.0000, -0.0042],\n",
       "         [ 0.0111,  0.0000,  0.0000, -0.0234],\n",
       "         [ 0.0244,  0.0000,  0.0000,  0.0217]], device='cuda:7'),\n",
       " tensor([[ 0.0000, -0.0305, -0.0094,  0.0000],\n",
       "         [ 0.0000,  0.0218, -0.0197,  0.0000],\n",
       "         [ 0.0000,  0.0107,  0.0178,  0.0000],\n",
       "         ...,\n",
       "         [ 0.0000,  0.0058, -0.0042,  0.0000],\n",
       "         [ 0.0000,  0.0111, -0.0234,  0.0000],\n",
       "         [ 0.0000,  0.0244,  0.0217,  0.0000]], device='cuda:7'),\n",
       " tensor([[ 0.0000, -0.0305,  0.0000, -0.0094],\n",
       "         [ 0.0000,  0.0218,  0.0000, -0.0197],\n",
       "         [ 0.0000,  0.0107,  0.0000,  0.0178],\n",
       "         ...,\n",
       "         [ 0.0000,  0.0058,  0.0000, -0.0042],\n",
       "         [ 0.0000,  0.0111,  0.0000, -0.0234],\n",
       "         [ 0.0000,  0.0244,  0.0000,  0.0217]], device='cuda:7'),\n",
       " tensor([[ 0.0000,  0.0000, -0.0305, -0.0094],\n",
       "         [ 0.0000,  0.0000,  0.0218, -0.0197],\n",
       "         [ 0.0000,  0.0000,  0.0107,  0.0178],\n",
       "         ...,\n",
       "         [ 0.0000,  0.0000,  0.0058, -0.0042],\n",
       "         [ 0.0000,  0.0000,  0.0111, -0.0234],\n",
       "         [ 0.0000,  0.0000,  0.0244,  0.0217]], device='cuda:7')]"
      ]
     },
     "execution_count": 18,
     "metadata": {},
     "output_type": "execute_result"
    }
   ],
   "source": [
    "permute_pruned_weight(retained_values, N, M)"
   ]
  },
  {
   "cell_type": "code",
   "execution_count": 9,
   "id": "4f828cb4",
   "metadata": {},
   "outputs": [
    {
     "name": "stdout",
     "output_type": "stream",
     "text": [
      "(0, 1)\n",
      "(0, 2)\n",
      "(0, 3)\n",
      "(1, 2)\n",
      "(1, 3)\n",
      "(2, 3)\n"
     ]
    }
   ],
   "source": [
    "import itertools\n",
    "\n",
    "for comb in itertools.combinations(range(M), 2):\n",
    "    print(comb)"
   ]
  },
  {
   "cell_type": "code",
   "execution_count": null,
   "id": "994386c2",
   "metadata": {},
   "outputs": [],
   "source": []
  }
 ],
 "metadata": {
  "kernelspec": {
   "display_name": "NoWag",
   "language": "python",
   "name": "python3"
  },
  "language_info": {
   "codemirror_mode": {
    "name": "ipython",
    "version": 3
   },
   "file_extension": ".py",
   "mimetype": "text/x-python",
   "name": "python",
   "nbconvert_exporter": "python",
   "pygments_lexer": "ipython3",
   "version": "3.13.2"
  }
 },
 "nbformat": 4,
 "nbformat_minor": 5
}
